1000
8 50 5688
74 59 48680
31 73 3529
45 79 20464
24 10 32817
41 66 14989
93 43 31895
88 4 31758
28 30 39436
41 13 19571
4 70 29792
10 58 17592
61 34 23081
100 79 22448
17 36 13488
98 27 40088
13 68 26125
11 34 34801
80 50 43000
80 22 42914
68 73 38925
94 37 43503
86 46 47022
29 92 48398
95 58 18646
2 54 42550
9 45 27802
69 91 3117
25 97 28130
31 4 19617
23 67 1337
50 25 11556
2 54 38351
78 9 7857
29 34 42899
99 82 649
36 14 14185
66 15 27519
64 37 14194
26 70 29837
16 95 13503
30 2 35989
18 96 19416
6 5 25556
52 99 485
89 24 11157
6 83 20104
53 67 20763
17 38 28101
39 45 14577
2 98 6509
72 29 9669
38 59 1304
78 98 38321
95 5 5307
10 32 20900
46 76 9759
36 99 11462
43 100 18642
69 13 31017
61 58 38327
95 9 45398
96 69 44494
14 31 35729
7 63 41550
43 66 46932
83 53 41078
68 22 14021
96 13 15115
72 2 35016
91 32 29442
39 58 25608
17 91 1977
41 80 15059
36 7 24747
73 99 23601
96 20 12936
55 24 24959
90 61 5964
6 27 31236
24 7 33470
14 71 6696
39 95 12043
21 45 10755
67 35 30020
27 95 24898
64 39 33461
45 91 15794
51 60 36938
24 48 14076
86 18 46952
73 40 32351
48 86 45995
97 86 10948
24 21 27842
45 69 18113
36 16 1965
26 35 11470
43 12 1688
80 53 40640
45 96 48751
19 97 33344
93 16 16850
92 34 6343
70 98 10787
54 48 23620
26 11 32421
63 12 36325
9 78 40040
62 26 21812
36 69 2676
96 77 32823
68 40 43597
75 32 23908
57 2 12040
73 61 32228
95 85 4258
56 90 15021
8 16 40344
94 70 26975
81 56 31437
56 7 20020
64 3 15852
77 9 34961
50 32 47069
45 39 28374
9 98 35445
52 50 29098
4 32 24638
32 15 13899
20 76 8311
10 81 36316
30 24 29738
55 61 33913
38 46 43215
18 26 5276
1 57 18957
65 98 4262
49 5 16160
51 51 20598
77 13 14035
55 98 29386
5 82 25992
49 66 14430
79 100 14563
10 30 38496
54 84 3671
48 8 10989
74 23 45276
6 77 22562
54 25 26596
31 67 19532
1 45 38807
71 86 14949
17 99 44148
56 34 48552
58 77 18799
79 67 2217
58 12 13342
79 15 41984
20 38 31798
34 92 26543
21 63 7465
34 98 35022
32 89 25010
90 74 39441
78 5 32070
59 1 24656
55 61 21394
16 48 47945
81 31 19647
56 47 15778
8 39 15047
1 27 34683
36 58 13915
14 15 46684
94 61 4089
55 19 44363
58 86 18787
30 16 1100
64 3 29006
18 44 35632
20 68 12463
48 70 22216
96 4 37825
74 4 9542
49 86 22768
59 60 29886
7 31 42806
25 33 47054
74 4 12861
98 21 10107
51 32 17159
81 4 38983
1 21 45117
34 59 45043
4 77 25128
51 35 44186
81 80 16733
33 75 31152
50 43 10193
50 72 6452
11 80 20416
84 71 48707
41 24 32601
51 72 7396
30 19 47148
47 100 1114
31 22 35240
77 25 42147
45 59 44554
97 72 8210
65 61 43897
99 52 21514
41 4 29028
52 2 46920
6 81 48480
19 75 47361
50 14 47990
21 26 24756
13 84 32639
89 18 3673
9 51 39779
25 96 31887
58 12 11328
91 67 222
11 94 45240
54 66 48966
61 43 22266
4 53 42803
8 42 35204
11 1 31892
100 28 8503
72 88 25780
15 26 41223
42 18 37800
49 43 45426
16 75 12319
46 74 37925
21 12 41390
40 55 4607
6 30 8075
54 90 19967
67 57 4977
5 61 15301
99 93 38523
21 17 42029
81 68 22680
53 40 19894
99 2 15873
12 17 37296
92 72 32205
29 72 34715
62 46 25649
21 41 9671
59 54 24615
28 51 18320
12 64 16893
95 34 43682
28 28 46992
96 32 18112
43 17 35079
7 16 2157
25 2 48617
98 62 39305
4 25 29815
9 37 6581
82 16 37996
11 17 1340
6 74 35811
82 21 11145
92 70 16537
66 28 24957
37 29 23344
26 85 21552
68 50 4589
77 47 34905
77 67 37955
68 21 32066
85 92 32492
11 59 47758
12 45 22420
19 19 5671
35 26 29996
68 90 10845
19 15 22495
26 19 37262
29 30 24778
35 28 23950
41 55 11773
41 97 42171
36 84 16219
49 66 4022
12 53 14365
65 77 32437
38 76 29832
46 11 17900
16 93 34659
11 48 34545
38 100 699
48 16 43905
94 80 16598
30 65 31339
80 2 27699
26 90 14625
59 34 26815
1 90 44086
71 18 16004
47 39 19514
44 39 13448
37 22 21402
20 97 34630
48 89 36969
60 88 31006
36 36 42256
13 85 16571
90 85 47631
35 68 43383
20 16 10143
46 77 29288
62 26 38868
20 32 47197
4 99 44228
99 40 10225
5 4 14025
80 66 13817
92 8 27451
25 66 42987
22 55 25871
7 51 4408
4 33 17578
33 42 40078
55 78 34679
18 1 17206
90 66 38274
48 23 22532
80 18 29560
17 49 27248
63 30 4311
40 9 35395
4 58 47675
62 53 18134
67 22 30561
58 97 34593
56 31 887
95 56 14675
22 13 42040
94 28 11940
33 45 26928
92 99 33875
53 57 17710
71 4 39769
40 15 46032
100 67 39033
36 22 27023
44 53 48853
87 20 37625
51 11 29308
24 70 26249
6 44 4744
12 32 35323
93 17 42783
100 72 34730
40 71 46176
37 92 29915
58 34 49002
29 78 739
11 84 32704
77 90 5066
92 35 19536
12 5 36402
27 92 10711
91 23 21178
65 91 29662
85 14 26729
42 28 31633
80 85 1201
38 71 31311
62 82 27951
66 3 29132
33 33 47488
55 60 28783
48 78 17730
63 11 28423
20 51 2088
78 42 47600
37 21 33725
100 13 20646
60 57 42510
91 53 26680
49 15 1425
45 19 32736
51 2 18139
96 22 44056
32 2 3986
46 62 35728
58 11 7854
29 6 31694
74 38 26493
70 97 2186
4 22 9971
76 19 45082
1 90 9862
63 55 12711
64 44 9383
90 51 24771
36 16 37144
65 95 17333
64 59 20608
53 93 30228
17 15 4308
21 61 41408
51 69 32040
42 48 29124
97 88 45094
2 35 39172
29 72 34013
49 76 35683
54 72 26355
30 94 33459
20 72 28310
21 65 8760
80 31 23634
11 81 42675
14 43 18276
39 83 8876
45 29 2707
94 76 33499
81 1 29118
97 48 7692
71 88 6509
44 34 16353
53 62 15112
25 1 12199
81 79 25179
58 24 18029
99 15 36210
46 63 22569
10 11 46820
50 19 27575
91 56 24016
44 56 22028
86 35 26716
76 22 22307
52 27 1572
52 60 30081
84 15 24484
38 80 39899
99 1 21439
38 86 20420
79 85 26884
43 16 34186
61 68 14285
41 8 7682
67 29 24496
63 64 39393
70 91 10747
24 79 25449
14 62 46905
11 41 42543
79 1 41995
95 8 29944
57 52 47897
87 32 25847
45 40 12862
77 85 29091
53 9 34744
15 55 23102
20 29 39750
72 71 24027
64 48 46106
25 44 17241
55 9 46438
82 53 27327
89 64 671
60 20 10742
80 57 43278
62 88 26819
54 100 24450
89 45 34115
81 67 3265
84 75 12196
37 10 12416
68 35 12953
40 85 18455
52 50 23178
67 68 32642
11 90 34395
28 74 40292
82 96 6832
37 75 14917
36 32 31246
73 29 28982
99 71 39529
88 98 19822
90 47 23088
91 12 43844
13 64 11481
13 82 29382
52 31 15565
22 14 15658
29 51 21966
1 60 37301
55 93 18325
95 31 46837
33 60 31177
78 80 47590
33 73 22293
84 82 45640
54 23 46295
22 57 10566
19 92 43533
1 97 28189
21 5 23186
100 30 39815
45 76 24186
71 17 11888
100 81 13273
19 89 46381
53 29 30236
1 63 28924
41 50 14890
86 84 39067
16 60 40902
79 60 48640
62 83 25001
49 55 37743
41 82 19230
71 29 44765
52 45 26677
70 96 40436
70 11 23802
73 24 40990
26 20 35630
51 32 34261
44 47 27068
70 71 16129
95 11 35245
93 65 33484
25 62 20087
20 21 24399
63 62 10363
26 35 25833
50 91 38497
23 61 48167
94 29 32939
23 82 19783
67 69 10023
24 23 25833
40 18 11532
94 65 22831
79 57 2812
72 42 3071
56 37 36015
90 29 32048
21 3 28854
13 17 28382
48 47 39163
52 73 2576
12 24 7436
37 6 48982
8 34 43139
67 54 6786
13 26 15840
41 54 37037
58 34 44808
96 40 9251
52 59 36776
95 61 9923
39 30 30326
76 99 5417
93 34 25614
63 77 19110
37 47 1073
74 65 46444
85 93 43442
20 43 44487
29 60 23493
63 46 23478
17 28 31629
73 49 26470
1 71 23266
99 93 15140
46 29 35399
1 44 46969
93 64 47377
84 73 38944
2 10 17803
22 87 3755
14 70 32112
32 58 8380
20 87 22557
57 17 7523
55 55 33520
15 16 27140
38 67 34216
98 78 300
61 13 39560
92 32 38306
75 64 37746
78 25 2640
85 34 32608
51 28 3723
100 30 17017
10 45 43453
65 52 29582
13 80 6571
35 8 46871
84 1 18753
60 11 3640
54 92 430
22 26 40954
54 30 9453
97 54 44198
62 59 1591
92 64 36333
21 69 4112
88 27 25346
73 20 7060
42 5 36000
52 93 22215
46 71 1839
75 63 2923
77 18 26786
27 14 18400
45 72 39001
80 36 23292
30 89 42124
49 79 24305
18 24 29276
39 9 4115
30 27 20058
69 7 38897
100 56 33065
30 77 23289
89 97 44747
20 65 23382
38 17 35762
19 92 6040
84 99 29352
21 49 18028
62 52 39082
19 78 12230
47 62 26876
79 29 20233
64 36 35795
7 9 7250
69 80 2670
20 24 22599
78 93 18378
54 79 13803
54 96 8282
72 76 30813
5 63 37342
33 20 34281
32 36 8142
69 69 48821
11 35 31022
71 79 32181
66 46 18387
80 76 23044
28 88 37894
64 38 11808
67 35 35193
84 76 33589
85 56 40445
57 100 27457
65 94 19296
87 34 39199
25 48 42153
95 31 17765
68 66 5057
11 83 47523
6 15 43303
53 42 28357
86 92 8382
7 61 13738
61 13 4870
4 31 10242
86 1 31932
86 68 23394
85 89 46901
1 87 42277
1 96 33167
100 3 6456
29 84 40100
18 37 43289
3 90 43235
79 26 32752
90 23 27563
96 6 21476
20 92 9298
22 75 4978
15 63 36965
7 84 11943
27 20 17488
2 31 38851
45 76 21653
59 63 45132
32 37 9304
21 9 46689
25 48 18503
9 12 7697
98 1 10993
15 97 22869
100 46 19158
34 63 48485
40 55 3192
22 87 1956
37 11 28597
63 74 7096
94 36 21331
89 72 10911
39 22 2636
92 14 12882
61 58 35115
93 44 45267
76 69 23836
14 16 5797
37 92 12209
48 70 4118
33 35 32067
29 44 24113
80 7 21123
55 8 26652
38 4 6414
22 48 32829
35 50 45120
17 60 11170
39 51 26176
84 87 27543
97 86 7391
25 23 34422
64 82 43829
13 52 29566
3 96 7676
37 55 15088
9 81 20297
32 31 45278
96 15 38430
13 37 35275
38 10 26279
86 20 39776
82 11 29406
9 10 11642
40 68 31780
20 67 45785
100 21 36164
16 78 23913
23 43 44013
81 82 12443
86 31 42787
26 37 17840
95 46 3070
3 34 44422
81 57 37956
35 18 32224
82 82 13519
59 6 8471
93 61 12017
52 2 36197
43 45 38958
36 56 14983
73 44 37577
23 14 32135
42 82 22645
80 19 46522
61 30 3439
56 83 12687
65 33 20055
14 96 26388
29 5 23931
56 12 40208
82 11 24528
5 52 11921
17 62 44107
65 6 48651
23 14 8435
44 37 29932
19 95 6422
89 44 1775
40 3 12448
44 71 22647
20 13 43722
18 33 28175
83 98 35541
60 74 31863
91 20 39745
11 12 20405
16 79 24781
43 46 20035
71 63 11119
9 84 16833
100 10 31323
14 51 16655
52 66 18892
3 18 41623
54 100 27502
17 85 37081
70 43 5996
4 16 15533
30 58 16782
83 65 523
53 55 33315
27 28 40660
56 60 9574
53 87 17862
23 30 18146
87 50 19937
80 99 5588
91 4 27825
87 44 34540
28 86 17153
99 88 20875
18 32 7585
77 62 2563
64 15 21595
84 33 36654
23 12 1240
92 72 26068
43 34 35295
54 31 19452
81 5 10146
16 88 26110
11 82 7131
59 87 37026
34 41 24650
60 37 21668
63 39 48860
55 27 12893
27 13 27566
96 22 5893
78 42 27463
59 55 39380
21 98 12667
28 52 594
63 33 5698
38 5 27173
58 6 40679
8 44 28472
59 40 25963
44 98 188
82 66 42883
58 6 2938
18 13 3685
25 85 45953
60 100 3236
17 41 25956
52 47 19598
23 94 6732
16 50 22172
62 50 4265
32 97 39963
24 97 27579
45 51 41713
39 32 46848
60 36 7679
66 2 19294
88 38 37601
49 21 26460
25 95 29825
76 4 42707
90 87 28052
46 44 35088
58 33 21794
62 79 11903
5 3 23257
32 21 20780
87 31 1688
44 68 44234
49 45 44039
18 50 17780
26 74 12487
64 17 2551
81 49 30753
80 58 27538
15 6 3945
90 8 14233
6 28 46643
15 16 45140
9 98 31039
50 96 3522
30 27 33015
67 99 33767
86 63 30725
19 54 36117
80 4 48313
84 24 29275
60 22 30254
75 35 33954
76 3 12248
37 80 23743
16 51 37897
14 51 30006
93 49 19461
84 82 32890
48 9 47099
7 79 29274
7 68 44013
15 11 42529
71 59 46744
18 47 30578
5 57 16296
64 38 15218
99 35 43865
57 9 21892
13 14 14446
81 25 4296
5 14 1122
74 63 9227
80 78 19930
70 48 16534
32 54 29110
34 40 19336
21 95 33107
98 25 7345
72 59 13496
21 49 25280
19 2 43178
18 93 23682
14 81 37382
57 41 43624
95 69 10189
71 64 31895
50 35 39896
26 72 40301
92 51 18417
18 11 35501
55 26 33371
2 95 11592
93 35 41235
71 47 45676
88 22 36651
66 90 30071
72 66 44766
61 11 37331
76 10 18474
95 24 42739
35 75 30057
15 95 30855
24 76 42650
78 58 12029
28 23 23668
75 73 26948
40 40 25394
84 18 6635
31 91 844
7 97 20253
13 96 36401
39 17 46292
22 85 11309
28 79 33225
61 73 38850
88 36 43405
82 27 36172
95 31 23561
96 59 13736
20 13 32147
44 13 11910
7 29 29191
94 27 44894
27 27 5122
34 82 33669
97 93 29735
62 10 41871
78 25 5942
23 41 29334
53 16 32804
81 93 33964
52 53 45651
74 78 15851
18 27 3085
66 62 21210
40 50 15482
8 20 8597
31 77 17295
26 82 18653
28 60 37428
98 94 31500
26 30 5454
23 49 33556
54 80 7506
69 28 632
25 32 20228
78 7 37548
1 73 20397
2 31 9836
99 78 9200
50 95 28749
28 53 36426
60 78 25004
71 52 16615
25 85 3936
21 16 28219
20 78 3314
96 96 31327
65 1 24102
19 18 26740
24 18 10933
55 69 27133
