100
8 50 1027
74 59 2431
31 73 1701
45 79 1545
24 10 4968
41 66 2472
93 43 503
88 4 3936
28 30 3437
41 13 616
4 70 2268
10 58 4350
61 34 2898
100 79 4670
17 36 2298
98 27 2439
13 68 2904
11 34 4635
80 50 4101
80 22 3713
68 73 4948
94 37 2713
86 46 4007
29 92 3482
95 58 1778
2 54 1168
9 45 807
69 91 1012
25 97 235
31 4 1624
23 67 1726
50 25 414
2 54 2908
78 9 919
29 34 4757
99 82 1850
36 14 4786
66 15 2473
64 37 1818
26 70 2522
16 95 1751
30 2 1728
18 96 4967
6 5 185
52 99 4077
89 24 741
6 83 1688
53 67 4719
17 38 924
39 45 4630
2 98 1342
72 29 1692
38 59 2466
78 98 3323
95 5 3995
10 32 1995
46 76 1204
36 99 3976
43 100 3245
69 13 4486
61 58 627
95 9 4235
96 69 520
14 31 1492
7 63 538
43 66 4115
83 53 1518
68 22 1149
96 13 2264
72 2 4096
91 32 4646
39 58 2656
17 91 3436
41 80 2368
36 7 2826
73 99 254
96 20 4917
55 24 1341
90 61 2570
6 27 675
24 7 4663
14 71 3785
39 95 3704
21 45 2536
67 35 2860
27 95 1872
64 39 2232
45 91 3945
51 60 3425
24 48 4386
86 18 4494
73 40 231
48 86 163
97 86 4163
24 21 4664
45 69 1921
36 16 1500
26 35 1023
43 12 1294
80 53 3310
